30.729798 111.306769  0.000000
30.729798 111.306769  0.000000
30.729797 111.306770  0.000000
30.729797 111.306770  0.000000
30.729797 111.306770  0.000000
30.729797 111.306770  0.000000
30.729797 111.306770  0.000000
30.729797 111.306770  0.000000
30.729797 111.306770  0.000000
30.729797 111.306770  0.000000
30.729797 111.306770  0.000000
30.729797 111.306770  0.000000
30.729797 111.306770  0.000000
30.729797 111.306770  0.000000
30.729797 111.306770  0.000000
30.729797 111.306770  0.000000
30.729797 111.306770  0.000000
30.729797 111.306770  0.000000
30.729797 111.306769  0.000000
30.729797 111.306769  0.000000
30.729797 111.306769  0.000000
30.729797 111.306769  0.000000
30.729797 111.306769  0.000000
30.729797 111.306769  0.000000
30.729797 111.306769  0.000000
30.729797 111.306769  0.000000
30.729797 111.306769  0.000000
30.729797 111.306769  0.000000
30.729797 111.306769  0.000000
30.729797 111.306769  0.000000
30.729797 111.306769  0.000000
30.729797 111.306769  0.000000
30.729797 111.306769  0.000000
30.729797 111.306769  0.000000
30.729797 111.306769  0.000000
30.729797 111.306769  0.000000
30.729797 111.306769  0.100000
30.729797 111.306769  0.100000
30.729797 111.306769  0.100000
30.729797 111.306769  0.100000
30.729797 111.306769  0.100000
30.729797 111.306769  0.100000
30.729797 111.306769  0.100000
30.729797 111.306769  0.100000
30.729797 111.306769  0.100000
30.729797 111.306769  0.100000
30.729797 111.306769  0.100000
30.729797 111.306769  0.100000
30.729797 111.306769  0.100000
30.729797 111.306769  0.100000
30.729797 111.306769  0.100000
30.729797 111.306769  0.100000
30.729797 111.306769  0.100000
30.729797 111.306769  0.100000
30.729796 111.306769  0.200000
30.729796 111.306769  0.200000
30.729796 111.306769  0.200000
30.729796 111.306769  0.200000
30.729796 111.306769  0.200000
30.729796 111.306769  0.200000
30.729797 111.306770  0.200000
30.729797 111.306770  0.200000
30.729797 111.306770  0.200000
30.729797 111.306770  0.200000
30.729797 111.306770  0.200000
30.729797 111.306770  0.200000
30.729796 111.306770  0.300000
30.729796 111.306770  0.300000
30.729796 111.306770  0.300000
30.729796 111.306770  0.300000
30.729796 111.306770  0.300000
30.729796 111.306770  0.300000
30.729796 111.306770  0.300000
30.729796 111.306770  0.300000
30.729796 111.306770  0.300000
30.729796 111.306770  0.300000
30.729796 111.306770  0.300000
30.729796 111.306770  0.300000
30.729796 111.306770  0.300000
30.729796 111.306770  0.300000
30.729796 111.306770  0.300000
30.729796 111.306770  0.300000
30.729796 111.306770  0.300000
30.729796 111.306770  0.300000
30.729796 111.306770  0.400000
30.729796 111.306770  0.400000
30.729796 111.306770  0.400000
30.729796 111.306770  0.400000
30.729796 111.306770  0.400000
30.729796 111.306770  0.400000
30.729796 111.306770  0.400000
30.729796 111.306770  0.400000
30.729796 111.306770  0.400000
30.729796 111.306770  0.400000
30.729796 111.306770  0.400000
30.729796 111.306770  0.400000
30.729796 111.306770  0.500000
30.729796 111.306770  0.500000
30.729796 111.306770  0.500000
30.729796 111.306770  0.500000
30.729796 111.306770  0.500000
30.729796 111.306770  0.500000
30.729796 111.306770  0.500000
30.729796 111.306770  0.500000
30.729796 111.306770  0.500000
30.729796 111.306770  0.500000
30.729796 111.306770  0.500000
30.729796 111.306770  0.500000
30.729797 111.306770  0.600000
30.729797 111.306770  0.600000
30.729797 111.306770  0.600000
30.729797 111.306770  0.600000
30.729797 111.306770  0.600000
30.729797 111.306770  0.600000
30.729797 111.306770  0.600000
30.729797 111.306770  0.600000
30.729797 111.306770  0.600000
30.729797 111.306770  0.600000
30.729797 111.306770  0.600000
30.729797 111.306770  0.600000
30.729797 111.306769  0.700000
30.729797 111.306769  0.700000
30.729797 111.306769  0.700000
30.729797 111.306769  0.700000
30.729797 111.306769  0.700000
30.729797 111.306769  0.700000
30.729797 111.306769  0.700000
30.729797 111.306769  0.700000
30.729797 111.306769  0.700000
30.729797 111.306769  0.700000
30.729797 111.306769  0.700000
30.729797 111.306769  0.700000
30.729797 111.306770  0.800000
30.729797 111.306770  0.800000
30.729797 111.306770  0.800000
30.729797 111.306770  0.800000
30.729797 111.306770  0.800000
30.729797 111.306770  0.800000
30.729797 111.306770  0.800000
30.729797 111.306770  0.800000
30.729797 111.306770  0.800000
30.729797 111.306770  0.800000
30.729797 111.306770  0.800000
30.729797 111.306770  0.800000
30.729798 111.306769  0.900000
30.729798 111.306769  0.900000
30.729798 111.306769  0.900000
30.729798 111.306769  0.900000
30.729798 111.306769  0.900000
30.729798 111.306769  0.900000
30.729798 111.306769  0.900000
30.729798 111.306769  0.900000
30.729798 111.306769  0.900000
30.729798 111.306769  0.900000
30.729798 111.306769  0.900000
30.729798 111.306769  0.900000
30.729797 111.306769  1.000000
30.729797 111.306769  1.000000
30.729797 111.306769  1.000000
30.729797 111.306769  1.000000
30.729797 111.306769  1.000000
30.729797 111.306769  1.000000
30.729798 111.306769  1.000000
30.729798 111.306769  1.000000
30.729798 111.306769  1.000000
30.729798 111.306769  1.000000
30.729798 111.306769  1.000000
30.729798 111.306769  1.000000
30.729797 111.306770  1.100000
30.729797 111.306770  1.100000
30.729797 111.306770  1.100000
30.729797 111.306770  1.100000
30.729797 111.306770  1.100000
30.729797 111.306770  1.100000
30.729798 111.306770  1.100000
30.729798 111.306770  1.100000
30.729798 111.306770  1.100000
30.729798 111.306770  1.100000
30.729798 111.306770  1.100000
30.729798 111.306770  1.100000
30.729798 111.306769  1.100000
30.729798 111.306769  1.100000
30.729798 111.306769  1.100000
30.729798 111.306769  1.100000
30.729798 111.306769  1.100000
30.729798 111.306769  1.100000
30.729798 111.306769  1.200000
30.729798 111.306769  1.200000
30.729798 111.306769  1.200000
30.729798 111.306769  1.200000
30.729798 111.306769  1.200000
30.729798 111.306769  1.200000
30.729798 111.306769  1.200000
30.729798 111.306769  1.200000
30.729798 111.306769  1.200000
30.729798 111.306769  1.200000
30.729798 111.306769  1.200000
30.729798 111.306769  1.200000
30.729798 111.306769  1.200000
30.729798 111.306769  1.200000
30.729798 111.306769  1.200000
30.729798 111.306769  1.200000
30.729798 111.306769  1.200000
30.729798 111.306769  1.200000
30.729798 111.306769  1.200000
30.729798 111.306769  1.200000
30.729798 111.306769  1.200000
30.729798 111.306769  1.200000
30.729798 111.306769  1.200000
30.729798 111.306769  1.200000
30.729798 111.306769  1.200000
30.729798 111.306769  1.200000
30.729798 111.306769  1.200000
30.729798 111.306769  1.200000
30.729798 111.306769  1.200000
30.729798 111.306769  1.200000
30.729798 111.306769  1.200000
30.729798 111.306769  1.200000
30.729798 111.306769  1.200000
30.729798 111.306769  1.200000
30.729798 111.306769  1.200000
30.729798 111.306769  1.200000
30.729798 111.306769  1.200000
30.729798 111.306769  1.200000
30.729798 111.306769  1.200000
30.729798 111.306769  1.200000
30.729798 111.306769  1.200000
30.729798 111.306769  1.200000
30.729798 111.306769  1.200000
30.729798 111.306769  1.200000
30.729798 111.306769  1.200000
30.729798 111.306769  1.200000
30.729798 111.306769  1.200000
30.729798 111.306769  1.200000
30.729798 111.306769  1.200000
30.729798 111.306769  1.200000
30.729798 111.306769  1.200000
30.729798 111.306769  1.200000
30.729798 111.306769  1.200000
30.729798 111.306769  1.200000
30.729798 111.306769  1.200000
30.729798 111.306769  1.200000
30.729798 111.306769  1.200000
30.729798 111.306769  1.200000
30.729798 111.306769  1.200000
30.729798 111.306769  1.200000
30.729798 111.306769  1.100000
30.729798 111.306769  1.100000
30.729798 111.306769  1.100000
30.729798 111.306769  1.100000
30.729798 111.306769  1.100000
30.729798 111.306769  1.100000
30.729798 111.306769  1.100000
30.729798 111.306769  1.100000
30.729798 111.306769  1.100000
30.729798 111.306769  1.100000
30.729798 111.306769  1.100000
30.729798 111.306769  1.100000
30.729799 111.306769  1.100000
30.729799 111.306769  1.100000
30.729799 111.306769  1.100000
30.729799 111.306769  1.100000
30.729799 111.306769  1.100000
30.729799 111.306769  1.100000
30.729799 111.306769  1.100000
30.729799 111.306769  1.100000
30.729799 111.306769  1.100000
30.729799 111.306769  1.100000
30.729799 111.306769  1.100000
30.729799 111.306769  1.100000
30.729799 111.306768  1.100000
30.729799 111.306768  1.100000
30.729799 111.306768  1.100000
30.729799 111.306768  1.100000
30.729799 111.306768  1.100000
30.729799 111.306768  1.100000
30.729799 111.306768  1.100000
30.729799 111.306768  1.100000
30.729799 111.306768  1.100000
30.729799 111.306768  1.100000
30.729799 111.306768  1.100000
30.729799 111.306768  1.100000
30.729799 111.306768  1.100000
30.729799 111.306768  1.100000
30.729799 111.306768  1.100000
30.729799 111.306768  1.100000
30.729799 111.306768  1.100000
30.729799 111.306768  1.100000
30.729799 111.306768  1.100000
30.729799 111.306768  1.100000
30.729799 111.306768  1.100000
30.729799 111.306768  1.100000
30.729799 111.306768  1.100000
30.729799 111.306768  1.100000
30.729799 111.306768  1.100000
30.729799 111.306768  1.100000
30.729799 111.306768  1.100000
30.729799 111.306768  1.100000
30.729799 111.306768  1.100000
30.729799 111.306768  1.100000
30.729799 111.306768  1.100000
30.729799 111.306768  1.100000
30.729799 111.306768  1.100000
30.729799 111.306768  1.100000
30.729799 111.306768  1.100000
30.729799 111.306768  1.100000
30.729799 111.306768  1.100000
30.729799 111.306768  1.100000
30.729799 111.306768  1.100000
30.729799 111.306768  1.100000
30.729799 111.306768  1.100000
30.729799 111.306768  1.100000
30.729799 111.306768  1.100000
30.729799 111.306768  1.100000
30.729799 111.306768  1.100000
30.729799 111.306768  1.100000
30.729799 111.306768  1.100000
30.729799 111.306768  1.100000
30.729799 111.306768  1.100000
30.729799 111.306768  1.100000
30.729799 111.306768  1.100000
30.729799 111.306768  1.100000
30.729799 111.306768  1.100000
30.729799 111.306768  1.100000
30.729799 111.306768  1.100000
30.729799 111.306768  1.100000
30.729799 111.306768  1.100000
30.729799 111.306768  1.100000
30.729799 111.306768  1.100000
30.729799 111.306768  1.100000
30.729799 111.306768  1.100000
30.729799 111.306768  1.100000
30.729799 111.306768  1.100000
30.729799 111.306768  1.100000
30.729799 111.306768  1.100000
30.729799 111.306768  1.100000
30.729800 111.306768  1.100000
30.729800 111.306768  1.100000
30.729800 111.306768  1.100000
30.729800 111.306768  1.100000
30.729800 111.306768  1.100000
30.729800 111.306768  1.100000
30.729800 111.306767  1.100000
30.729800 111.306767  1.100000
30.729800 111.306767  1.100000
30.729800 111.306767  1.100000
30.729800 111.306767  1.100000
30.729800 111.306767  1.100000
30.729800 111.306767  1.100000
30.729800 111.306767  1.100000
30.729800 111.306767  1.100000
30.729800 111.306767  1.100000
30.729800 111.306767  1.100000
30.729800 111.306767  1.100000
30.729800 111.306766  1.100000
30.729800 111.306766  1.100000
30.729800 111.306766  1.100000
30.729800 111.306766  1.100000
30.729800 111.306766  1.100000
30.729800 111.306766  1.100000
30.729800 111.306766  1.100000
30.729800 111.306766  1.100000
30.729800 111.306766  1.100000
30.729800 111.306766  1.100000
30.729800 111.306766  1.100000
30.729800 111.306766  1.100000
30.729801 111.306766  1.100000
30.729801 111.306766  1.100000
30.729801 111.306766  1.100000
30.729801 111.306766  1.100000
30.729801 111.306766  1.100000
30.729801 111.306766  1.100000
30.729801 111.306765  1.100000
30.729801 111.306765  1.100000
30.729801 111.306765  1.100000
30.729801 111.306765  1.100000
30.729801 111.306765  1.100000
30.729801 111.306765  1.100000
30.729801 111.306764  1.100000
30.729801 111.306764  1.100000
30.729801 111.306764  1.100000
30.729801 111.306764  1.100000
30.729801 111.306764  1.100000
30.729801 111.306764  1.100000
30.729802 111.306764  1.100000
30.729802 111.306764  1.100000
30.729802 111.306764  1.100000
30.729802 111.306764  1.100000
30.729802 111.306764  1.100000
30.729802 111.306764  1.100000
30.729803 111.306763  1.100000
30.729803 111.306763  1.100000
30.729803 111.306763  1.100000
30.729803 111.306763  1.100000
30.729803 111.306763  1.100000
30.729803 111.306763  1.100000
30.729803 111.306762  1.100000
30.729803 111.306762  1.100000
30.729803 111.306762  1.100000
30.729803 111.306762  1.100000
30.729803 111.306762  1.100000
30.729803 111.306762  1.100000
30.729804 111.306761  1.100000
30.729804 111.306761  1.100000
30.729804 111.306761  1.100000
30.729804 111.306761  1.100000
30.729804 111.306761  1.100000
30.729804 111.306761  1.100000
30.729805 111.306759  1.200000
30.729805 111.306759  1.200000
30.729805 111.306759  1.200000
30.729805 111.306759  1.200000
30.729805 111.306759  1.200000
30.729805 111.306759  1.200000
30.729806 111.306758  1.200000
30.729806 111.306758  1.200000
30.729806 111.306758  1.200000
30.729806 111.306758  1.200000
30.729806 111.306758  1.200000
30.729806 111.306758  1.200000
30.729807 111.306757  1.200000
30.729807 111.306757  1.200000
30.729807 111.306757  1.200000
30.729807 111.306757  1.200000
30.729807 111.306757  1.200000
30.729807 111.306757  1.200000
30.729808 111.306755  1.200000
30.729808 111.306755  1.200000
30.729808 111.306755  1.200000
30.729808 111.306755  1.200000
30.729808 111.306755  1.200000
30.729808 111.306755  1.200000
30.729810 111.306754  1.200000
30.729810 111.306754  1.200000
30.729810 111.306754  1.200000
30.729810 111.306754  1.200000
30.729810 111.306754  1.200000
30.729810 111.306754  1.200000
30.729811 111.306752  1.200000
30.729811 111.306752  1.200000
30.729811 111.306752  1.200000
30.729811 111.306752  1.200000
30.729811 111.306752  1.200000
30.729811 111.306752  1.200000
30.729812 111.306750  1.200000
30.729812 111.306750  1.200000
30.729812 111.306750  1.200000
30.729812 111.306750  1.200000
30.729812 111.306750  1.200000
30.729812 111.306750  1.200000
30.729813 111.306749  1.200000
30.729813 111.306749  1.200000
30.729813 111.306749  1.200000
30.729813 111.306749  1.200000
30.729813 111.306749  1.200000
30.729813 111.306749  1.200000
30.729814 111.306748  1.200000
30.729814 111.306748  1.200000
30.729814 111.306748  1.200000
30.729814 111.306748  1.200000
30.729814 111.306748  1.200000
30.729814 111.306748  1.200000
30.729814 111.306748  1.200000
30.729814 111.306748  1.200000
30.729814 111.306748  1.200000
30.729814 111.306748  1.200000
30.729814 111.306748  1.200000
30.729814 111.306748  1.200000
30.729815 111.306747  1.200000
30.729815 111.306747  1.200000
30.729815 111.306747  1.200000
30.729815 111.306747  1.200000
30.729815 111.306747  1.200000
30.729815 111.306747  1.200000
30.729815 111.306746  1.200000
30.729815 111.306746  1.200000
30.729815 111.306746  1.200000
30.729815 111.306746  1.200000
30.729815 111.306746  1.200000
30.729815 111.306746  1.200000
30.729816 111.306746  1.200000
30.729816 111.306746  1.200000
30.729816 111.306746  1.200000
30.729816 111.306746  1.200000
30.729816 111.306746  1.200000
30.729816 111.306746  1.200000
30.729816 111.306745  1.200000
30.729816 111.306745  1.200000
30.729816 111.306745  1.200000
30.729816 111.306745  1.200000
30.729816 111.306745  1.200000
30.729816 111.306745  1.200000
30.729816 111.306745  1.200000
30.729816 111.306745  1.200000
30.729816 111.306745  1.200000
30.729816 111.306745  1.200000
30.729816 111.306745  1.200000
30.729816 111.306745  1.200000
30.729816 111.306745  1.200000
30.729816 111.306745  1.200000
30.729816 111.306745  1.200000
30.729816 111.306745  1.200000
30.729816 111.306745  1.200000
30.729816 111.306745  1.200000
30.729816 111.306745  1.200000
30.729816 111.306745  1.200000
30.729816 111.306745  1.200000
30.729816 111.306745  1.200000
30.729816 111.306745  1.200000
30.729816 111.306745  1.200000
30.729816 111.306745  1.200000
30.729816 111.306745  1.200000
30.729816 111.306745  1.200000
30.729816 111.306745  1.200000
30.729816 111.306745  1.200000
30.729816 111.306745  1.200000
30.729816 111.306745  1.200000
30.729816 111.306745  1.200000
30.729816 111.306745  1.200000
30.729816 111.306745  1.200000
30.729816 111.306745  1.200000
30.729816 111.306745  1.200000
30.729816 111.306745  1.200000
30.729816 111.306745  1.200000
30.729816 111.306745  1.200000
30.729816 111.306745  1.200000
30.729816 111.306745  1.200000
30.729816 111.306745  1.200000
30.729816 111.306745  1.200000
30.729816 111.306745  1.200000
30.729816 111.306745  1.200000
30.729816 111.306745  1.200000
30.729816 111.306745  1.200000
30.729816 111.306745  1.200000
30.729816 111.306745  1.200000
30.729816 111.306745  1.200000
30.729816 111.306745  1.200000
30.729816 111.306745  1.200000
30.729816 111.306745  1.200000
30.729816 111.306745  1.200000
30.729816 111.306745  1.200000
30.729816 111.306745  1.200000
30.729816 111.306745  1.200000
30.729816 111.306745  1.200000
30.729816 111.306745  1.200000
30.729816 111.306745  1.200000
30.729816 111.306745  1.200000
30.729816 111.306745  1.200000
30.729816 111.306745  1.200000
30.729816 111.306745  1.200000
30.729816 111.306745  1.200000
30.729816 111.306745  1.200000
30.729816 111.306745  1.200000
30.729816 111.306745  1.200000
30.729816 111.306745  1.200000
30.729816 111.306745  1.200000
30.729816 111.306745  1.200000
30.729816 111.306745  1.200000
30.729816 111.306745  1.200000
30.729816 111.306745  1.200000
30.729816 111.306745  1.200000
30.729816 111.306745  1.200000
30.729816 111.306745  1.200000
30.729816 111.306745  1.200000
30.729816 111.306745  1.200000
30.729816 111.306745  1.200000
30.729816 111.306745  1.200000
30.729816 111.306745  1.200000
30.729816 111.306745  1.200000
30.729816 111.306745  1.200000
30.729815 111.306744  1.200000
30.729815 111.306744  1.200000
30.729815 111.306744  1.200000
30.729815 111.306744  1.200000
30.729815 111.306744  1.200000
30.729815 111.306744  1.200000
30.729815 111.306743  1.200000
30.729815 111.306743  1.200000
30.729815 111.306743  1.200000
30.729815 111.306743  1.200000
30.729815 111.306743  1.200000
30.729815 111.306743  1.200000
30.729815 111.306742  1.200000
30.729815 111.306742  1.200000
30.729815 111.306742  1.200000
30.729815 111.306742  1.200000
30.729815 111.306742  1.200000
30.729815 111.306742  1.200000
30.729814 111.306740  1.200000
30.729814 111.306740  1.200000
30.729814 111.306740  1.200000
30.729814 111.306740  1.200000
30.729814 111.306740  1.200000
30.729814 111.306740  1.200000
30.729814 111.306738  1.200000
30.729814 111.306738  1.200000
30.729814 111.306738  1.200000
30.729814 111.306738  1.200000
30.729814 111.306738  1.200000
30.729814 111.306738  1.200000
30.729813 111.306736  1.200000
30.729813 111.306736  1.200000
30.729813 111.306736  1.200000
30.729813 111.306736  1.200000
30.729813 111.306736  1.200000
30.729813 111.306736  1.200000
30.729813 111.306734  1.200000
30.729813 111.306734  1.200000
30.729813 111.306734  1.200000
30.729813 111.306734  1.200000
30.729813 111.306734  1.200000
30.729813 111.306734  1.200000
30.729812 111.306731  1.200000
30.729812 111.306731  1.200000
30.729812 111.306731  1.200000
30.729812 111.306731  1.200000
30.729812 111.306731  1.200000
30.729812 111.306731  1.200000
30.729811 111.306728  1.200000
30.729811 111.306728  1.200000
30.729811 111.306728  1.200000
30.729811 111.306728  1.200000
30.729811 111.306728  1.200000
30.729811 111.306728  1.200000
30.729810 111.306726  1.200000
30.729810 111.306726  1.200000
30.729810 111.306726  1.200000
30.729810 111.306726  1.200000
30.729810 111.306726  1.200000
30.729810 111.306726  1.200000
30.729810 111.306722  1.200000
30.729810 111.306722  1.200000
30.729810 111.306722  1.200000
30.729810 111.306722  1.200000
30.729810 111.306722  1.200000
30.729810 111.306722  1.200000
30.729809 111.306720  1.200000
30.729809 111.306720  1.200000
30.729809 111.306720  1.200000
30.729809 111.306720  1.200000
30.729809 111.306720  1.200000
30.729809 111.306720  1.200000
30.729808 111.306717  1.200000
30.729808 111.306717  1.200000
30.729808 111.306717  1.200000
30.729808 111.306717  1.200000
30.729808 111.306717  1.200000
30.729808 111.306717  1.200000
30.729807 111.306714  1.200000
30.729807 111.306714  1.200000
30.729807 111.306714  1.200000
30.729807 111.306714  1.200000
30.729807 111.306714  1.200000
30.729807 111.306714  1.200000
30.729807 111.306712  1.200000
30.729807 111.306712  1.200000
30.729807 111.306712  1.200000
30.729807 111.306712  1.200000
30.729807 111.306712  1.200000
30.729807 111.306712  1.200000
30.729806 111.306710  1.200000
30.729806 111.306710  1.200000
30.729806 111.306710  1.200000
30.729806 111.306710  1.200000
30.729806 111.306710  1.200000
30.729806 111.306710  1.200000
30.729806 111.306709  1.200000
30.729806 111.306709  1.200000
30.729806 111.306709  1.200000
30.729806 111.306709  1.200000
30.729806 111.306709  1.200000
30.729806 111.306709  1.200000
30.729805 111.306708  1.200000
30.729805 111.306708  1.200000
30.729805 111.306708  1.200000
30.729805 111.306708  1.200000
30.729805 111.306708  1.200000
30.729805 111.306708  1.200000
30.729805 111.306707  1.200000
30.729805 111.306707  1.200000
30.729805 111.306707  1.200000
30.729805 111.306707  1.200000
30.729805 111.306707  1.200000
30.729805 111.306707  1.200000
30.729805 111.306706  1.100000
30.729805 111.306706  1.100000
30.729805 111.306706  1.100000
30.729805 111.306706  1.100000
30.729805 111.306706  1.100000
30.729805 111.306706  1.100000
30.729805 111.306705  1.100000
30.729805 111.306705  1.100000
30.729805 111.306705  1.100000
30.729805 111.306705  1.100000
30.729805 111.306705  1.100000
30.729805 111.306705  1.100000
30.729805 111.306705  1.100000
30.729805 111.306705  1.100000
30.729805 111.306705  1.100000
30.729805 111.306705  1.100000
30.729805 111.306705  1.100000
30.729805 111.306705  1.100000
30.729805 111.306705  1.100000
30.729805 111.306705  1.100000
30.729805 111.306705  1.100000
30.729805 111.306705  1.100000
30.729805 111.306705  1.100000
30.729805 111.306705  1.100000
30.729805 111.306704  1.000000
30.729805 111.306704  1.000000
30.729805 111.306704  1.000000
30.729805 111.306704  1.000000
30.729805 111.306704  1.000000
30.729805 111.306704  1.000000
30.729805 111.306704  1.000000
30.729805 111.306704  1.000000
30.729805 111.306704  1.000000
30.729805 111.306704  1.000000
30.729805 111.306704  1.000000
30.729805 111.306704  1.000000
30.729805 111.306703  1.000000
30.729805 111.306703  1.000000
30.729805 111.306703  1.000000
30.729805 111.306703  1.000000
30.729805 111.306703  1.000000
30.729805 111.306703  1.000000
30.729805 111.306703  0.900000
30.729805 111.306703  0.900000
30.729805 111.306703  0.900000
30.729805 111.306703  0.900000
30.729805 111.306703  0.900000
30.729805 111.306703  0.900000
30.729805 111.306703  0.900000
30.729805 111.306703  0.900000
30.729805 111.306703  0.900000
30.729805 111.306703  0.900000
30.729805 111.306703  0.900000
30.729805 111.306703  0.900000
30.729805 111.306702  0.900000
30.729805 111.306702  0.900000
30.729805 111.306702  0.900000
30.729805 111.306702  0.900000
30.729805 111.306702  0.900000
30.729805 111.306702  0.900000
30.729805 111.306702  0.900000
30.729805 111.306702  0.900000
30.729805 111.306702  0.900000
30.729805 111.306702  0.900000
30.729805 111.306702  0.900000
30.729805 111.306702  0.900000
30.729805 111.306702  0.900000
30.729805 111.306702  0.900000
30.729805 111.306702  0.900000
30.729805 111.306702  0.900000
30.729805 111.306702  0.900000
30.729805 111.306702  0.900000
30.729805 111.306702  0.900000
30.729805 111.306702  0.900000
30.729805 111.306702  0.900000
30.729805 111.306702  0.900000
30.729805 111.306702  0.900000
30.729805 111.306702  0.900000
30.729805 111.306702  0.900000
30.729805 111.306702  0.900000
30.729805 111.306702  0.900000
30.729805 111.306702  0.900000
30.729805 111.306702  0.900000
30.729805 111.306702  0.900000
30.729805 111.306702  0.900000
30.729805 111.306702  0.900000
30.729805 111.306702  0.900000
30.729805 111.306702  0.900000
30.729805 111.306702  0.900000
30.729805 111.306702  0.900000
30.729805 111.306702  0.900000
30.729805 111.306702  0.900000
30.729805 111.306702  0.900000
30.729805 111.306702  0.900000
30.729805 111.306702  0.900000
30.729805 111.306702  0.900000
30.729805 111.306702  0.900000
30.729805 111.306702  0.900000
30.729805 111.306702  0.900000
30.729805 111.306702  0.900000
30.729805 111.306702  0.900000
30.729805 111.306702  0.900000
30.729806 111.306702  0.900000
30.729806 111.306702  0.900000
30.729806 111.306702  0.900000
30.729806 111.306702  0.900000
30.729806 111.306702  0.900000
30.729806 111.306702  0.900000
30.729806 111.306703  0.900000
30.729806 111.306703  0.900000
30.729806 111.306703  0.900000
30.729806 111.306703  0.900000
30.729806 111.306703  0.900000
30.729806 111.306703  0.900000
30.729806 111.306703  0.900000
30.729806 111.306703  0.900000
30.729806 111.306703  0.900000
30.729806 111.306703  0.900000
30.729806 111.306703  0.900000
30.729806 111.306703  0.900000
30.729806 111.306704  0.900000
30.729806 111.306704  0.900000
30.729806 111.306704  0.900000
30.729806 111.306704  0.900000
30.729806 111.306704  0.900000
30.729806 111.306704  0.900000
30.729806 111.306705  0.900000
30.729806 111.306705  0.900000
30.729806 111.306705  0.900000
30.729806 111.306705  0.900000
30.729806 111.306705  0.900000
30.729806 111.306705  0.900000
30.729806 111.306706  0.900000
30.729806 111.306706  0.900000
30.729806 111.306706  0.900000
30.729806 111.306706  0.900000
30.729806 111.306706  0.900000
30.729806 111.306706  0.900000
30.729807 111.306707  0.900000
30.729807 111.306707  0.900000
30.729807 111.306707  0.900000
30.729807 111.306707  0.900000
30.729807 111.306707  0.900000
30.729807 111.306707  0.900000
30.729807 111.306709  0.900000
30.729807 111.306709  0.900000
30.729807 111.306709  0.900000
30.729807 111.306709  0.900000
30.729807 111.306709  0.900000
30.729807 111.306709  0.900000
30.729807 111.306710  0.900000
30.729807 111.306710  0.900000
30.729807 111.306710  0.900000
30.729807 111.306710  0.900000
30.729807 111.306710  0.900000
30.729807 111.306710  0.900000
30.729807 111.306712  0.900000
30.729807 111.306712  0.900000
30.729807 111.306712  0.900000
30.729807 111.306712  0.900000
30.729807 111.306712  0.900000
30.729807 111.306712  0.900000
30.729808 111.306713  0.900000
30.729808 111.306713  0.900000
30.729808 111.306713  0.900000
30.729808 111.306713  0.900000
30.729808 111.306713  0.900000
30.729808 111.306713  0.900000
30.729808 111.306716  0.900000
30.729808 111.306716  0.900000
30.729808 111.306716  0.900000
30.729808 111.306716  0.900000
30.729808 111.306716  0.900000
30.729808 111.306716  0.900000
30.729809 111.306718  0.900000
30.729809 111.306718  0.900000
30.729809 111.306718  0.900000
30.729809 111.306718  0.900000
30.729809 111.306718  0.900000
30.729809 111.306718  0.900000
30.729809 111.306720  0.900000
30.729809 111.306720  0.900000
30.729809 111.306720  0.900000
30.729809 111.306720  0.900000
30.729809 111.306720  0.900000
30.729809 111.306720  0.900000
30.729809 111.306723  0.900000
30.729809 111.306723  0.900000
30.729809 111.306723  0.900000
30.729809 111.306723  0.900000
30.729809 111.306723  0.900000
30.729809 111.306723  0.900000
30.729809 111.306725  0.900000
30.729809 111.306725  0.900000
30.729809 111.306725  0.900000
30.729809 111.306725  0.900000
30.729809 111.306725  0.900000
30.729809 111.306725  0.900000
30.729809 111.306727  0.900000
30.729809 111.306727  0.900000
30.729809 111.306727  0.900000
30.729809 111.306727  0.900000
30.729809 111.306727  0.900000
30.729809 111.306727  0.900000
30.729810 111.306730  0.900000
30.729810 111.306730  0.900000
30.729810 111.306730  0.900000
30.729810 111.306730  0.900000
30.729810 111.306730  0.900000
30.729810 111.306730  0.900000
30.729810 111.306733  0.900000
30.729810 111.306733  0.900000
30.729810 111.306733  0.900000
30.729810 111.306733  0.900000
30.729810 111.306733  0.900000
30.729810 111.306733  0.900000
30.729810 111.306736  0.900000
30.729810 111.306736  0.900000
30.729810 111.306736  0.900000
30.729810 111.306736  0.900000
30.729810 111.306736  0.900000
30.729810 111.306736  0.900000
30.729811 111.306739  0.900000
30.729811 111.306739  0.900000
30.729811 111.306739  0.900000
30.729811 111.306739  0.900000
30.729811 111.306739  0.900000
30.729811 111.306739  0.900000
30.729811 111.306742  0.900000
30.729811 111.306742  0.900000
30.729811 111.306742  0.900000
30.729811 111.306742  0.900000
30.729811 111.306742  0.900000
30.729811 111.306742  0.900000
30.729811 111.306744  0.900000
30.729811 111.306744  0.900000
30.729811 111.306744  0.900000
30.729811 111.306744  0.900000
30.729811 111.306744  0.900000
30.729811 111.306744  0.900000
30.729812 111.306747  0.900000
30.729812 111.306747  0.900000
30.729812 111.306747  0.900000
30.729812 111.306747  0.900000
30.729812 111.306747  0.900000
30.729812 111.306747  0.900000
30.729812 111.306749  0.900000
30.729812 111.306749  0.900000
30.729812 111.306749  0.900000
30.729812 111.306749  0.900000
30.729812 111.306749  0.900000
30.729812 111.306751  0.900000
30.729812 111.306751  0.900000
30.729812 111.306751  0.900000
30.729812 111.306751  0.900000
30.729812 111.306751  0.900000
30.729812 111.306751  0.900000
30.729812 111.306753  0.900000
30.729812 111.306753  0.900000
30.729812 111.306753  0.900000
30.729812 111.306753  0.900000
30.729812 111.306753  0.900000
30.729812 111.306753  0.900000
30.729812 111.306755  1.000000
30.729812 111.306755  1.000000
30.729812 111.306755  1.000000
30.729812 111.306755  1.000000
30.729812 111.306755  1.000000
30.729812 111.306755  1.000000
30.729813 111.306757  1.000000
30.729813 111.306757  1.000000
30.729813 111.306757  1.000000
30.729813 111.306757  1.000000
30.729813 111.306757  1.000000
30.729813 111.306757  1.000000
30.729813 111.306759  1.000000
30.729813 111.306759  1.000000
30.729813 111.306759  1.000000
30.729813 111.306759  1.000000
30.729813 111.306759  1.000000
30.729813 111.306759  1.000000
30.729813 111.306759  1.000000
30.729813 111.306760  1.000000
30.729813 111.306760  1.000000
30.729813 111.306760  1.000000
30.729813 111.306760  1.000000
30.729813 111.306760  1.000000
30.729813 111.306761  1.000000
30.729813 111.306761  1.000000
30.729813 111.306761  1.000000
30.729813 111.306761  1.000000
30.729813 111.306761  1.000000
30.729813 111.306761  1.000000
30.729814 111.306762  1.000000
30.729814 111.306762  1.000000
30.729814 111.306762  1.000000
30.729814 111.306762  1.000000
30.729814 111.306762  1.000000
30.729814 111.306762  1.000000
30.729814 111.306764  1.000000
30.729814 111.306764  1.000000
30.729814 111.306764  1.000000
30.729814 111.306764  1.000000
30.729814 111.306764  1.000000
30.729814 111.306764  1.000000
30.729814 111.306764  1.000000
30.729814 111.306764  1.000000
30.729814 111.306764  1.000000
30.729814 111.306764  1.000000
30.729814 111.306764  1.000000
30.729814 111.306764  1.000000
30.729814 111.306765  0.900000
30.729814 111.306765  0.900000
30.729814 111.306765  0.900000
30.729814 111.306765  0.900000
30.729814 111.306765  0.900000
30.729814 111.306765  0.900000
30.729814 111.306766  0.900000
30.729814 111.306766  0.900000
30.729814 111.306766  0.900000
30.729814 111.306766  0.900000
30.729814 111.306766  0.900000
30.729814 111.306766  0.900000
30.729814 111.306766  0.900000
30.729814 111.306766  0.900000
30.729814 111.306766  0.900000
30.729814 111.306766  0.900000
30.729814 111.306766  0.900000
30.729814 111.306766  0.900000
30.729814 111.306766  0.900000
30.729814 111.306766  0.900000
30.729814 111.306766  0.900000
30.729814 111.306766  0.900000
30.729814 111.306766  0.900000
30.729814 111.306766  0.900000
30.729813 111.306767  0.900000
30.729813 111.306767  0.900000
30.729813 111.306767  0.900000
30.729813 111.306767  0.900000
30.729813 111.306767  0.900000
30.729813 111.306767  0.900000
30.729813 111.306767  0.900000
30.729813 111.306767  0.900000
30.729813 111.306767  0.900000
30.729813 111.306767  0.900000
30.729813 111.306767  0.900000
30.729813 111.306767  0.900000
30.729814 111.306767  0.900000
30.729814 111.306767  0.900000
30.729814 111.306767  0.900000
30.729814 111.306767  0.900000
30.729814 111.306767  0.900000
30.729814 111.306767  0.900000
30.729814 111.306767  0.900000
30.729814 111.306767  0.900000
30.729814 111.306767  0.900000
30.729814 111.306767  0.900000
30.729814 111.306767  0.900000
30.729814 111.306767  0.900000
30.729813 111.306768  0.900000
30.729813 111.306768  0.900000
30.729813 111.306768  0.900000
30.729813 111.306768  0.900000
30.729813 111.306768  0.900000
30.729813 111.306768  0.900000
30.729813 111.306768  0.900000
30.729813 111.306768  0.900000
30.729813 111.306768  0.900000
30.729813 111.306768  0.900000
30.729813 111.306768  0.900000
30.729813 111.306768  0.900000
30.729813 111.306768  0.900000
30.729813 111.306768  0.900000
30.729813 111.306768  0.900000
30.729813 111.306768  0.900000
30.729813 111.306768  0.900000
30.729813 111.306768  0.900000
30.729813 111.306768  0.900000
30.729813 111.306768  0.900000
30.729813 111.306768  0.900000
30.729813 111.306768  0.900000
30.729813 111.306768  0.900000
30.729813 111.306768  0.900000
30.729813 111.306768  0.900000
30.729813 111.306768  0.900000
30.729813 111.306768  0.900000
30.729813 111.306768  0.900000
30.729813 111.306768  0.900000
30.729813 111.306768  0.900000
30.729813 111.306768  0.900000
30.729813 111.306768  0.900000
30.729813 111.306768  0.900000
30.729813 111.306768  0.900000
30.729813 111.306768  0.900000
30.729813 111.306768  0.900000
30.729813 111.306768  0.900000
30.729813 111.306768  0.900000
30.729813 111.306768  0.900000
30.729813 111.306768  0.900000
30.729813 111.306768  0.900000
30.729813 111.306768  0.900000
30.729813 111.306768  0.900000
30.729813 111.306768  0.900000
30.729813 111.306768  0.900000
30.729813 111.306768  0.900000
30.729813 111.306768  0.900000
30.729813 111.306768  0.900000
30.729813 111.306768  0.900000
30.729813 111.306768  0.900000
30.729813 111.306768  0.900000
30.729813 111.306768  0.900000
30.729813 111.306768  0.900000
30.729813 111.306768  0.900000
30.729814 111.306768  0.900000
30.729814 111.306768  0.900000
30.729814 111.306768  0.900000
30.729814 111.306768  0.900000
30.729814 111.306768  0.900000
30.729814 111.306768  0.900000
30.729814 111.306768  0.900000
30.729814 111.306768  0.900000
30.729814 111.306768  0.900000
30.729814 111.306768  0.900000
30.729814 111.306768  0.900000
30.729814 111.306768  0.900000
30.729814 111.306768  0.900000
30.729814 111.306768  0.900000
30.729814 111.306768  0.900000
30.729814 111.306768  0.900000
30.729814 111.306768  0.900000
30.729814 111.306768  0.900000
30.729814 111.306768  0.900000
30.729814 111.306768  0.900000
30.729814 111.306768  0.900000
30.729814 111.306768  0.900000
30.729814 111.306768  0.900000
30.729814 111.306768  0.900000
30.729814 111.306768  0.900000
30.729814 111.306768  0.900000
30.729814 111.306768  0.900000
30.729814 111.306768  0.900000
30.729814 111.306768  0.900000
30.729814 111.306768  0.900000
30.729814 111.306768  0.900000
30.729814 111.306768  0.900000
30.729814 111.306768  0.900000
30.729814 111.306768  0.900000
30.729814 111.306768  0.900000
30.729814 111.306768  0.900000
30.729814 111.306768  0.900000
30.729814 111.306768  0.900000
30.729814 111.306768  0.900000
30.729814 111.306768  0.900000
30.729814 111.306768  0.900000
30.729814 111.306768  0.900000
30.729814 111.306768  0.900000
30.729814 111.306768  0.900000
30.729814 111.306768  0.900000
30.729814 111.306768  0.900000
30.729814 111.306768  0.900000
30.729814 111.306768  0.900000
30.729814 111.306768  0.900000
30.729814 111.306768  0.900000
30.729814 111.306768  0.900000
30.729814 111.306768  0.900000
30.729814 111.306768  0.900000
30.729814 111.306768  0.900000
30.729814 111.306768  0.900000
30.729814 111.306768  0.900000
30.729814 111.306768  0.900000
30.729814 111.306768  0.900000
30.729814 111.306768  0.900000
30.729814 111.306768  0.900000
30.729814 111.306768  0.900000
30.729814 111.306768  0.900000
30.729814 111.306768  0.900000
30.729814 111.306768  0.900000
30.729814 111.306768  0.900000
30.729814 111.306768  0.900000
30.729814 111.306767  0.900000
30.729814 111.306767  0.900000
30.729814 111.306767  0.900000
30.729814 111.306767  0.900000
30.729814 111.306767  0.900000
30.729814 111.306767  0.900000
30.729815 111.306767  0.900000
30.729815 111.306767  0.900000
30.729815 111.306767  0.900000
30.729815 111.306767  0.900000
30.729815 111.306767  0.900000
30.729815 111.306767  0.900000
30.729815 111.306767  0.900000
30.729815 111.306767  0.900000
30.729815 111.306767  0.900000
30.729815 111.306767  0.900000
30.729815 111.306767  0.900000
30.729815 111.306767  0.900000
30.729815 111.306767  0.900000
30.729815 111.306767  0.900000
30.729815 111.306767  0.900000
30.729815 111.306767  0.900000
30.729815 111.306767  0.900000
30.729815 111.306767  0.900000
30.729815 111.306767  0.900000
30.729815 111.306767  0.900000
30.729815 111.306767  0.900000
30.729815 111.306767  0.900000
30.729815 111.306767  0.900000
30.729815 111.306767  0.900000
30.729815 111.306767  0.900000
30.729815 111.306767  0.900000
30.729815 111.306767  0.900000
30.729815 111.306767  0.900000
30.729815 111.306767  0.900000
30.729815 111.306767  0.900000
30.729815 111.306767  0.900000
30.729815 111.306767  0.900000
30.729815 111.306767  0.900000
30.729815 111.306767  0.900000
30.729815 111.306767  0.900000
30.729815 111.306767  0.900000
30.729815 111.306767  0.900000
30.729815 111.306767  0.900000
30.729815 111.306767  0.900000
30.729815 111.306767  0.900000
30.729815 111.306767  0.900000
30.729815 111.306767  0.900000
30.729815 111.306766  0.900000
30.729815 111.306766  0.900000
30.729815 111.306766  0.900000
30.729815 111.306766  0.900000
30.729815 111.306766  0.900000
30.729815 111.306766  0.900000
30.729816 111.306766  0.900000
30.729816 111.306766  0.900000
30.729816 111.306766  0.900000
30.729816 111.306766  0.900000
30.729816 111.306766  0.900000
30.729816 111.306766  0.900000
30.729816 111.306766  0.900000
30.729816 111.306766  0.900000
30.729816 111.306766  0.900000
30.729816 111.306766  0.900000
30.729816 111.306766  0.900000
30.729816 111.306766  0.900000
30.729816 111.306766  0.900000
30.729816 111.306766  0.900000
30.729816 111.306766  0.900000
30.729816 111.306766  0.900000
30.729816 111.306766  0.900000
30.729816 111.306766  0.900000
30.729816 111.306766  0.900000
30.729816 111.306766  0.900000
30.729816 111.306766  0.900000
30.729816 111.306766  0.900000
30.729816 111.306766  0.900000
30.729816 111.306766  0.900000
30.729816 111.306766  0.900000
30.729816 111.306766  0.900000
30.729816 111.306766  0.900000
30.729816 111.306766  0.900000
30.729816 111.306766  0.900000
30.729816 111.306766  0.900000
30.729816 111.306766  0.900000
30.729816 111.306766  0.900000
30.729816 111.306766  0.900000
30.729816 111.306766  0.900000
30.729816 111.306766  0.900000
30.729816 111.306766  0.900000
30.729816 111.306766  0.900000
30.729816 111.306766  0.900000
30.729816 111.306766  0.900000
30.729816 111.306766  0.900000
30.729816 111.306766  0.900000
30.729816 111.306766  0.900000
30.729816 111.306766  0.900000
30.729816 111.306766  0.900000
30.729816 111.306766  0.900000
30.729816 111.306766  0.900000
30.729816 111.306766  0.900000
30.729816 111.306766  0.900000
30.729817 111.306765  0.900000
30.729817 111.306765  0.900000
30.729817 111.306765  0.900000
30.729817 111.306765  0.900000
30.729817 111.306765  0.900000
30.729817 111.306765  0.900000
30.729817 111.306765  0.900000
30.729817 111.306765  0.900000
30.729817 111.306765  0.900000
30.729817 111.306765  0.900000
30.729817 111.306765  0.900000
30.729817 111.306765  0.900000
30.729817 111.306765  0.900000
30.729817 111.306765  0.900000
30.729817 111.306765  0.900000
30.729817 111.306765  0.900000
30.729817 111.306765  0.900000
30.729817 111.306765  0.900000
30.729817 111.306766  0.900000
30.729817 111.306766  0.900000
30.729817 111.306766  0.900000
30.729817 111.306766  0.900000
30.729817 111.306766  0.900000
30.729817 111.306766  0.900000
30.729817 111.306766  0.900000
30.729817 111.306766  0.900000
30.729817 111.306766  0.900000
30.729817 111.306766  0.900000
30.729817 111.306766  0.900000
30.729817 111.306766  0.900000
30.729817 111.306766  0.900000
30.729817 111.306766  0.900000
30.729817 111.306766  0.900000
30.729817 111.306766  0.900000
30.729817 111.306766  0.900000
30.729817 111.306766  0.900000
30.729817 111.306766  0.800000
30.729817 111.306766  0.800000
30.729817 111.306766  0.800000
30.729817 111.306766  0.800000
30.729817 111.306766  0.800000
30.729817 111.306766  0.800000
30.729817 111.306766  0.800000
30.729817 111.306766  0.800000
30.729817 111.306766  0.800000
30.729817 111.306766  0.800000
30.729817 111.306766  0.800000
30.729817 111.306766  0.800000
30.729817 111.306765  0.800000
30.729817 111.306765  0.800000
30.729817 111.306765  0.800000
30.729817 111.306765  0.800000
30.729817 111.306765  0.800000
30.729817 111.306765  0.800000
30.729817 111.306765  0.800000
30.729817 111.306765  0.800000
30.729817 111.306765  0.800000
30.729817 111.306765  0.800000
30.729817 111.306765  0.800000
30.729817 111.306765  0.800000
30.729817 111.306765  0.800000
30.729817 111.306765  0.800000
30.729817 111.306765  0.800000
30.729817 111.306765  0.800000
30.729817 111.306765  0.800000
30.729817 111.306765  0.800000
30.729817 111.306765  0.700000
30.729817 111.306765  0.700000
30.729817 111.306765  0.700000
30.729817 111.306765  0.700000
30.729817 111.306765  0.700000
30.729817 111.306765  0.700000
30.729817 111.306765  0.700000
30.729817 111.306765  0.700000
30.729817 111.306765  0.700000
30.729817 111.306765  0.700000
30.729817 111.306765  0.700000
30.729817 111.306765  0.700000
30.729817 111.306765  0.700000
30.729817 111.306765  0.700000
30.729817 111.306765  0.700000
30.729817 111.306765  0.700000
30.729817 111.306765  0.700000
30.729817 111.306765  0.700000
30.729817 111.306765  0.700000
30.729817 111.306765  0.700000
30.729817 111.306765  0.700000
30.729817 111.306765  0.700000
30.729817 111.306765  0.700000
30.729817 111.306765  0.700000
30.729817 111.306765  0.700000
30.729817 111.306765  0.700000
30.729817 111.306765  0.700000
30.729817 111.306765  0.700000
30.729817 111.306765  0.700000
30.729817 111.306765  0.700000
30.729817 111.306765  0.600000
30.729817 111.306765  0.600000
30.729817 111.306765  0.600000
30.729817 111.306765  0.600000
30.729817 111.306765  0.600000
30.729817 111.306765  0.600000
30.729817 111.306766  0.600000
30.729817 111.306766  0.600000
30.729817 111.306766  0.600000
30.729817 111.306766  0.600000
30.729817 111.306766  0.600000
30.729817 111.306766  0.600000
30.729817 111.306766  0.600000
30.729817 111.306766  0.600000
30.729817 111.306766  0.600000
30.729817 111.306766  0.600000
30.729817 111.306766  0.600000
30.729817 111.306766  0.600000
30.729817 111.306766  0.600000
30.729817 111.306766  0.600000
30.729817 111.306766  0.600000
30.729817 111.306766  0.600000
30.729817 111.306766  0.600000
30.729817 111.306766  0.600000
30.729817 111.306766  0.600000
30.729817 111.306766  0.600000
30.729817 111.306766  0.600000
30.729817 111.306766  0.600000
30.729817 111.306766  0.600000
30.729817 111.306766  0.600000
30.729816 111.306766  0.500000
30.729816 111.306766  0.500000
30.729816 111.306766  0.500000
30.729816 111.306766  0.500000
30.729816 111.306766  0.500000
30.729816 111.306766  0.500000
30.729816 111.306766  0.500000
30.729816 111.306766  0.500000
30.729816 111.306766  0.500000
30.729816 111.306766  0.500000
30.729816 111.306766  0.500000
30.729816 111.306766  0.500000
30.729816 111.306766  0.500000
30.729816 111.306766  0.500000
30.729816 111.306766  0.500000
30.729816 111.306766  0.500000
30.729816 111.306766  0.500000
30.729816 111.306766  0.500000
30.729816 111.306766  0.500000
30.729816 111.306766  0.500000
30.729816 111.306766  0.500000
30.729816 111.306766  0.500000
30.729816 111.306766  0.500000
30.729816 111.306766  0.500000
30.729816 111.306767  0.500000
30.729816 111.306767  0.500000
30.729816 111.306767  0.500000
30.729816 111.306767  0.500000
30.729816 111.306767  0.500000
30.729816 111.306767  0.500000
30.729816 111.306767  0.400000
30.729816 111.306767  0.400000
30.729816 111.306767  0.400000
30.729816 111.306767  0.400000
30.729816 111.306767  0.400000
30.729816 111.306767  0.400000
30.729816 111.306767  0.400000
30.729816 111.306767  0.400000
30.729816 111.306767  0.400000
30.729816 111.306767  0.400000
30.729816 111.306767  0.400000
30.729816 111.306767  0.400000
30.729816 111.306767  0.400000
30.729816 111.306767  0.400000
30.729816 111.306767  0.400000
30.729816 111.306767  0.400000
30.729816 111.306767  0.400000
30.729816 111.306767  0.400000
30.729816 111.306767  0.400000
30.729816 111.306767  0.400000
30.729816 111.306767  0.400000
30.729816 111.306767  0.400000
30.729816 111.306767  0.400000
30.729816 111.306767  0.400000
30.729816 111.306767  0.400000
30.729816 111.306767  0.400000
30.729816 111.306767  0.400000
30.729816 111.306767  0.400000
30.729816 111.306767  0.400000
30.729816 111.306767  0.400000
30.729816 111.306767  0.300000
30.729816 111.306767  0.300000
30.729816 111.306767  0.300000
30.729816 111.306767  0.300000
30.729816 111.306767  0.300000
30.729816 111.306767  0.300000
30.729816 111.306767  0.300000
30.729816 111.306767  0.300000
30.729816 111.306767  0.300000
30.729816 111.306767  0.300000
30.729816 111.306767  0.300000
30.729816 111.306767  0.300000
30.729816 111.306767  0.300000
30.729816 111.306767  0.300000
30.729816 111.306767  0.300000
30.729816 111.306767  0.300000
30.729816 111.306767  0.300000
30.729816 111.306767  0.300000
30.729816 111.306767  0.300000
30.729816 111.306767  0.300000
30.729816 111.306767  0.300000
30.729816 111.306767  0.300000
30.729816 111.306767  0.300000
30.729816 111.306767  0.300000
30.729816 111.306767  0.300000
30.729816 111.306767  0.300000
30.729816 111.306767  0.300000
30.729816 111.306767  0.300000
30.729816 111.306767  0.300000
30.729816 111.306767  0.300000
30.729816 111.306767  0.200000
30.729816 111.306767  0.200000
30.729816 111.306767  0.200000
30.729816 111.306767  0.200000
30.729816 111.306767  0.200000
30.729816 111.306767  0.200000
30.729816 111.306767  0.200000
30.729816 111.306767  0.200000
30.729816 111.306767  0.200000
30.729816 111.306767  0.200000
30.729816 111.306767  0.200000
30.729816 111.306767  0.200000
30.729816 111.306767  0.200000
30.729816 111.306767  0.200000
30.729816 111.306767  0.200000
30.729816 111.306767  0.200000
30.729816 111.306767  0.200000
30.729816 111.306767  0.200000
30.729816 111.306767  0.200000
30.729816 111.306767  0.200000
30.729816 111.306767  0.200000
30.729816 111.306767  0.200000
30.729816 111.306767  0.200000
30.729816 111.306767  0.200000
30.729815 111.306767  0.200000
30.729815 111.306767  0.200000
30.729815 111.306767  0.200000
30.729815 111.306767  0.200000
30.729815 111.306767  0.200000
30.729815 111.306767  0.200000
30.729815 111.306767  0.100000
30.729815 111.306767  0.100000
30.729815 111.306767  0.100000
30.729815 111.306767  0.100000
30.729815 111.306767  0.100000
30.729815 111.306767  0.100000
30.729815 111.306767  0.100000
30.729815 111.306767  0.100000
30.729815 111.306767  0.100000
30.729815 111.306767  0.100000
30.729815 111.306767  0.100000
30.729815 111.306767  0.100000
30.729815 111.306767  0.100000
30.729815 111.306767  0.100000
30.729815 111.306767  0.100000
30.729815 111.306767  0.100000
30.729815 111.306767  0.100000
30.729815 111.306767  0.100000
30.729815 111.306767  0.100000
30.729815 111.306767  0.100000
30.729815 111.306767  0.100000
30.729815 111.306767  0.100000
30.729815 111.306767  0.100000
30.729815 111.306767  0.100000
30.729815 111.306768  0.100000
30.729815 111.306768  0.100000
30.729815 111.306768  0.100000
30.729815 111.306768  0.100000
30.729815 111.306768  0.100000
30.729815 111.306768  0.100000
30.729815 111.306768  0.000000
30.729815 111.306768  0.000000
30.729815 111.306768  0.000000
30.729815 111.306768  0.000000
30.729815 111.306768  0.000000
30.729815 111.306768  0.000000
30.729815 111.306768  0.000000
30.729815 111.306768  0.000000
30.729815 111.306768  0.000000
30.729815 111.306768  0.000000
30.729815 111.306768  0.000000
30.729815 111.306768  0.000000
30.729815 111.306768  0.000000
30.729815 111.306768  0.000000
30.729815 111.306768  0.000000
30.729815 111.306768  0.000000
30.729815 111.306768  0.000000
30.729815 111.306768  0.000000
30.729815 111.306768  0.000000
30.729815 111.306768  0.000000
30.729815 111.306768  0.000000
30.729815 111.306768  0.000000
30.729815 111.306768  0.000000
30.729815 111.306768  0.000000
30.729815 111.306768  0.000000
30.729815 111.306768  0.000000
30.729815 111.306768  0.000000
30.729815 111.306768  0.000000
30.729815 111.306768  0.000000
30.729815 111.306768  0.000000
30.729815 111.306768  0.000000
30.729815 111.306768  0.000000
30.729815 111.306768  0.000000
30.729815 111.306768  0.000000
30.729815 111.306768  0.000000
30.729815 111.306768  0.000000
30.729815 111.306768  0.000000
30.729815 111.306768  0.000000
30.729815 111.306768  0.000000
30.729815 111.306768  0.000000
30.729815 111.306768  0.000000
30.729815 111.306768  0.000000
30.729815 111.306769  0.000000
30.729815 111.306769  0.000000
30.729815 111.306769  0.000000
30.729815 111.306769  0.000000
30.729815 111.306769  0.000000
30.729815 111.306769  0.000000
30.729815 111.306769  0.000000
30.729815 111.306769  0.000000
30.729815 111.306769  0.000000
30.729815 111.306769  0.000000
30.729815 111.306769  0.000000
30.729815 111.306769  0.000000
30.729815 111.306769  0.000000
30.729815 111.306769  0.000000
30.729815 111.306769  0.000000
30.729815 111.306769  0.000000
30.729815 111.306769  0.000000
30.729815 111.306769  0.000000
30.729815 111.306769  0.000000
30.729815 111.306769  0.000000
30.729815 111.306769  0.000000
30.729815 111.306769  0.000000
30.729815 111.306769  0.000000
30.729815 111.306769  0.000000
30.729815 111.306769  0.000000
30.729815 111.306769  0.000000
30.729815 111.306769  0.000000
30.729815 111.306769  0.000000
30.729815 111.306769  0.000000
30.729815 111.306769  0.000000
30.729815 111.306769  0.000000
30.729815 111.306769  0.000000
30.729815 111.306769  0.000000
30.729815 111.306769  0.000000
30.729815 111.306769  0.000000
30.729815 111.306769  0.000000
